0 0.921094 0.639583 0.0078125 0.0125
0 0.7875 0.636458 0.00625 0.0104167
0 0.692187 0.635417 0.00625 0.0125
0 0.85625 0.644792 0.009375 0.0145833
0 0.709375 0.639583 0.00625 0.0125
0 0.636719 0.64375 0.0078125 0.0125
0 0.167969 0.634375 0.0109375 0.01875
0 0.846094 0.648958 0.0078125 0.0145833
0 0.519531 0.646875 0.0078125 0.0145833
0 0.803125 0.651042 0.009375 0.0145833
0 0.413281 0.653125 0.0109375 0.01875
0 0.264062 0.685417 0.01875 0.0291667
0 0.660937 0.661458 0.0125 0.01875
0 0.090625 0.642708 0.015625 0.03125
0 0.58125 0.680208 0.015625 0.0270833
0 0.760156 0.792708 0.0390625 0.0645833
0 0.0554687 0.809375 0.0453125 0.0729167
