0 0.671875 0.635417 0.00625 0.0125
0 0.765625 0.636458 0.00625 0.0104167
0 0.896875 0.638542 0.00625 0.0104167
0 0.928906 0.639583 0.0078125 0.0125
0 0.978906 0.64375 0.0078125 0.0125
0 0.834375 0.64375 0.00625 0.0125
0 0.689844 0.639583 0.0078125 0.0125
0 0.152344 0.633333 0.0109375 0.0208333
0 0.617969 0.641667 0.0078125 0.0125
0 0.822656 0.646875 0.0078125 0.0145833
0 0.502344 0.645833 0.0078125 0.0166667
0 0.78125 0.65 0.009375 0.0166667
0 0.396094 0.652083 0.0109375 0.0166667
0 0.075 0.639583 0.015625 0.0291667
0 0.248437 0.683333 0.01875 0.0291667
0 0.640625 0.660417 0.0125 0.0208333
0 0.5625 0.677083 0.015625 0.025
0 0.728125 0.783333 0.0375 0.0625
0 0.0546875 0.801042 0.04375 0.06875
