0 0.934375 0.640625 0.00625 0.0104167
0 0.838281 0.64375 0.0078125 0.0125
0 0.69375 0.639583 0.00625 0.0125
0 0.984375 0.64375 0.00625 0.0125
0 0.827344 0.646875 0.0078125 0.0145833
0 0.621875 0.641667 0.00625 0.0125
0 0.155469 0.634375 0.0109375 0.01875
0 0.50625 0.646875 0.009375 0.0145833
0 0.4 0.653125 0.0125 0.01875
0 0.784375 0.648958 0.009375 0.0145833
0 0.64375 0.661458 0.0125 0.01875
0 0.252344 0.683333 0.0171875 0.0291667
0 0.078125 0.640625 0.015625 0.03125
0 0.564844 0.677083 0.0140625 0.025
0 0.734375 0.785417 0.0375 0.0625
0 0.0554687 0.802083 0.0453125 0.0708333
