0 0.68125 0.634375 0.00625 0.0104167
0 0.939844 0.640625 0.0078125 0.0104167
0 0.775 0.6375 0.00625 0.0125
0 0.991406 0.642708 0.0078125 0.0145833
0 0.842969 0.644792 0.0078125 0.0145833
0 0.698438 0.639583 0.00625 0.0125
0 0.626562 0.64375 0.00625 0.0125
0 0.158594 0.635417 0.0109375 0.0208333
0 0.510156 0.646875 0.0078125 0.0145833
0 0.832031 0.648958 0.0078125 0.0145833
0 0.790625 0.651042 0.009375 0.0145833
0 0.403906 0.653125 0.0109375 0.01875
0 0.649219 0.660417 0.0109375 0.0208333
0 0.255469 0.683333 0.0171875 0.0291667
0 0.0820312 0.641667 0.0171875 0.0291667
0 0.56875 0.678125 0.015625 0.0270833
0 0.742188 0.7875 0.0375 0.0625
0 0.05625 0.802083 0.04375 0.0708333
