0 0.923437 0.639583 0.00625 0.0125
0 0.7625 0.6375 0.00625 0.0125
0 0.973437 0.64375 0.00625 0.0125
0 0.66875 0.635417 0.00625 0.0125
0 0.828906 0.64375 0.0078125 0.0125
0 0.685938 0.639583 0.00625 0.0125
0 0.498437 0.645833 0.009375 0.0166667
0 0.147656 0.635417 0.0109375 0.0208333
0 0.614062 0.642708 0.00625 0.0145833
0 0.817187 0.646875 0.009375 0.0145833
0 0.776563 0.65 0.009375 0.0166667
0 0.394531 0.653125 0.0109375 0.01875
0 0.635938 0.660417 0.0125 0.0208333
0 0.0710938 0.639583 0.0171875 0.0291667
0 0.557813 0.677083 0.015625 0.025
0 0.246094 0.683333 0.0171875 0.0291667
0 0.0546875 0.798958 0.04375 0.06875
0 0.722656 0.78125 0.0359375 0.0625
