0 0.914062 0.638542 0.00625 0.0104167
0 0.78125 0.636458 0.00625 0.0104167
0 0.85 0.64375 0.00625 0.0125
0 0.946875 0.640625 0.00625 0.0104167
0 0.996875 0.64375 0.00625 0.0166667
0 0.703125 0.639583 0.00625 0.0125
0 0.838281 0.646875 0.0078125 0.0145833
0 0.630469 0.642708 0.0078125 0.0145833
0 0.163281 0.634375 0.0109375 0.01875
0 0.514844 0.646875 0.0078125 0.0145833
0 0.796094 0.651042 0.0078125 0.0145833
0 0.408594 0.653125 0.0109375 0.01875
0 0.084375 0.641667 0.015625 0.0291667
0 0.653906 0.660417 0.0109375 0.0208333
0 0.258594 0.685417 0.0171875 0.0291667
0 0.575 0.678125 0.015625 0.0270833
0 0.749219 0.789583 0.0390625 0.0625
0 0.05625 0.80625 0.04375 0.0708333
