0 0.682813 0.635417 0.00625 0.0125
0 0.777344 0.636458 0.0046875 0.0104167
0 0.942187 0.640625 0.00625 0.0104167
0 0.909375 0.638542 0.00625 0.0104167
0 0.992969 0.64375 0.0078125 0.0125
0 0.846094 0.64375 0.0078125 0.0125
0 0.7 0.639583 0.00625 0.0125
0 0.628125 0.64375 0.00625 0.0125
0 0.160156 0.635417 0.0109375 0.0208333
0 0.5125 0.644792 0.009375 0.0145833
0 0.834375 0.647917 0.00625 0.0125
0 0.405469 0.653125 0.0109375 0.01875
0 0.792188 0.651042 0.009375 0.0145833
0 0.651563 0.661458 0.0125 0.01875
0 0.257031 0.684375 0.0171875 0.0270833
0 0.571094 0.678125 0.0140625 0.0270833
0 0.0835937 0.640625 0.0171875 0.03125
0 0.745313 0.7875 0.0375 0.0625
0 0.05625 0.804167 0.04375 0.0708333
