0 0.770312 0.636458 0.00625 0.0104167
0 0.678125 0.634375 0.00625 0.0104167
0 0.935938 0.640625 0.00625 0.0104167
0 0.839844 0.64375 0.0078125 0.0125
0 0.695312 0.639583 0.00625 0.0125
0 0.985156 0.64375 0.0078125 0.0125
0 0.622656 0.641667 0.0078125 0.0125
0 0.15625 0.634375 0.0125 0.01875
0 0.828906 0.646875 0.0078125 0.0145833
0 0.785156 0.648958 0.0078125 0.0145833
0 0.507031 0.646875 0.0078125 0.0145833
0 0.400781 0.653125 0.0109375 0.01875
0 0.644531 0.661458 0.0109375 0.01875
0 0.0789063 0.641667 0.0171875 0.0291667
0 0.253125 0.683333 0.01875 0.0291667
0 0.565625 0.677083 0.015625 0.025
0 0.735937 0.785417 0.0375 0.0625
0 0.05625 0.801042 0.04375 0.06875
