0 0.930469 0.639583 0.0078125 0.0125
0 0.767187 0.636458 0.00625 0.0104167
0 0.980469 0.64375 0.0078125 0.0125
0 0.690625 0.639583 0.00625 0.0125
0 0.835156 0.64375 0.0078125 0.0125
0 0.153125 0.634375 0.0125 0.01875
0 0.822656 0.646875 0.0078125 0.0145833
0 0.61875 0.641667 0.00625 0.0125
0 0.503906 0.646875 0.0078125 0.0145833
0 0.782031 0.65 0.0078125 0.0166667
0 0.397656 0.652083 0.0109375 0.0166667
0 0.0757812 0.639583 0.0171875 0.0291667
0 0.25 0.683333 0.01875 0.0291667
0 0.640625 0.660417 0.0125 0.0208333
0 0.5625 0.677083 0.015625 0.025
0 0.729688 0.783333 0.0375 0.0625
0 0.0554687 0.801042 0.0453125 0.06875
