0 0.76875 0.6375 0.00625 0.0125
0 0.933594 0.640625 0.0078125 0.0104167
0 0.8375 0.64375 0.00625 0.0125
0 0.982813 0.64375 0.00625 0.0125
0 0.824219 0.646875 0.0078125 0.0145833
0 0.692187 0.639583 0.00625 0.0125
0 0.620313 0.642708 0.00625 0.0145833
0 0.154687 0.634375 0.0125 0.01875
0 0.399219 0.653125 0.0109375 0.01875
0 0.505469 0.646875 0.0078125 0.0145833
0 0.784375 0.65 0.009375 0.0166667
0 0.642969 0.660417 0.0109375 0.0208333
0 0.252344 0.683333 0.0171875 0.0291667
0 0.0773437 0.639583 0.0171875 0.0291667
0 0.564062 0.677083 0.015625 0.025
0 0.732813 0.784375 0.0375 0.0645833
0 0.0554687 0.801042 0.0453125 0.06875
