0 0.903125 0.638542 0.00625 0.0104167
0 0.935938 0.640625 0.00625 0.0104167
0 0.771875 0.636458 0.00625 0.0104167
0 0.678125 0.634375 0.00625 0.0104167
0 0.985937 0.64375 0.00625 0.0125
0 0.695312 0.639583 0.00625 0.0125
0 0.840625 0.64375 0.00625 0.0125
0 0.624219 0.641667 0.0078125 0.0125
0 0.7875 0.65 0.009375 0.0166667
0 0.157031 0.634375 0.0109375 0.01875
0 0.828906 0.646875 0.0078125 0.0145833
0 0.507031 0.646875 0.0078125 0.0145833
0 0.401563 0.653125 0.009375 0.01875
0 0.0796875 0.641667 0.015625 0.0291667
0 0.645312 0.661458 0.0125 0.0229167
0 0.253906 0.683333 0.0171875 0.0291667
0 0.567187 0.678125 0.015625 0.0270833
0 0.7375 0.785417 0.0375 0.0625
0 0.05625 0.801042 0.04375 0.06875
