0 0.948438 0.640625 0.00625 0.0104167
0 0.782812 0.6375 0.00625 0.0125
0 0.688281 0.636458 0.0078125 0.0104167
0 0.915625 0.638542 0.00625 0.0104167
0 0.852344 0.64375 0.0078125 0.0125
0 0.70625 0.639583 0.00625 0.0125
0 0.632031 0.64375 0.0078125 0.0125
0 0.164844 0.635417 0.0109375 0.0208333
0 0.841406 0.647917 0.0078125 0.0125
0 0.798437 0.65 0.009375 0.0166667
0 0.516406 0.646875 0.0078125 0.0145833
0 0.410156 0.653125 0.0109375 0.01875
0 0.65625 0.6625 0.0125 0.0208333
0 0.0867188 0.642708 0.0171875 0.03125
0 0.260156 0.684375 0.0171875 0.0270833
0 0.576563 0.678125 0.015625 0.0270833
0 0.753125 0.790625 0.040625 0.0645833
0 0.05625 0.80625 0.04375 0.0708333
