0 0.909375 0.638542 0.00625 0.0104167
0 0.942187 0.640625 0.00625 0.0104167
0 0.682813 0.636458 0.00625 0.0104167
0 0.776563 0.636458 0.00625 0.0104167
0 0.991406 0.64375 0.0078125 0.0125
0 0.845312 0.64375 0.00625 0.0125
0 0.7 0.639583 0.00625 0.0125
0 0.627344 0.64375 0.0078125 0.0125
0 0.833594 0.647917 0.0078125 0.0125
0 0.160156 0.635417 0.0109375 0.0208333
0 0.510938 0.645833 0.009375 0.0166667
0 0.404687 0.653125 0.009375 0.01875
0 0.791406 0.65 0.0078125 0.0166667
0 0.65 0.660417 0.0125 0.0208333
0 0.0828125 0.640625 0.015625 0.03125
0 0.570312 0.678125 0.015625 0.0270833
0 0.25625 0.684375 0.01875 0.0270833
0 0.74375 0.7875 0.0375 0.0625
0 0.05625 0.803125 0.04375 0.06875
