0 0.78125 0.636458 0.00625 0.0104167
0 0.945312 0.640625 0.00625 0.0104167
0 0.684375 0.635417 0.00625 0.0125
0 0.848437 0.642708 0.00625 0.0145833
0 0.996094 0.642708 0.0078125 0.0145833
0 0.703125 0.639583 0.00625 0.0125
0 0.836719 0.646875 0.0078125 0.0145833
0 0.629687 0.64375 0.00625 0.0125
0 0.163281 0.634375 0.0109375 0.01875
0 0.514063 0.647917 0.009375 0.0166667
0 0.794531 0.65 0.0078125 0.0166667
0 0.407031 0.653125 0.0109375 0.01875
0 0.084375 0.640625 0.015625 0.0270833
0 0.653125 0.661458 0.0125 0.01875
0 0.258594 0.683333 0.0171875 0.0291667
0 0.573438 0.678125 0.015625 0.0270833
0 0.748438 0.788542 0.0375 0.0645833
0 0.0570313 0.804167 0.0453125 0.0708333
