0 0.917188 0.638542 0.00625 0.0104167
0 0.782812 0.636458 0.00625 0.0104167
0 0.70625 0.639583 0.00625 0.0125
0 0.852344 0.64375 0.0078125 0.0125
0 0.633594 0.642708 0.0078125 0.0145833
0 0.8 0.65 0.009375 0.0166667
0 0.166406 0.634375 0.0109375 0.01875
0 0.410156 0.653125 0.0109375 0.01875
0 0.841406 0.646875 0.0078125 0.0145833
0 0.517187 0.647917 0.009375 0.0166667
0 0.0882813 0.640625 0.0171875 0.03125
0 0.657812 0.6625 0.0125 0.0208333
0 0.260156 0.685417 0.0171875 0.0291667
0 0.578125 0.678125 0.015625 0.0270833
0 0.754687 0.790625 0.040625 0.0645833
0 0.0554687 0.807292 0.0453125 0.0729167
