0 0.784375 0.636458 0.00625 0.0104167
0 0.853906 0.644792 0.0078125 0.0145833
0 0.707812 0.639583 0.00625 0.0125
0 0.635156 0.64375 0.0078125 0.0125
0 0.167187 0.634375 0.0125 0.01875
0 0.800781 0.651042 0.0078125 0.0145833
0 0.411719 0.653125 0.0109375 0.01875
0 0.51875 0.647917 0.009375 0.0166667
0 0.842969 0.646875 0.0078125 0.0145833
0 0.0890625 0.641667 0.015625 0.0333333
0 0.261719 0.685417 0.0171875 0.0291667
0 0.658594 0.6625 0.0109375 0.0208333
0 0.578906 0.678125 0.0140625 0.0270833
0 0.75625 0.791667 0.040625 0.0666667
0 0.05625 0.807292 0.046875 0.0729167
