0 0.896875 0.638542 0.00625 0.0104167
0 0.764844 0.636458 0.0046875 0.0104167
0 0.671875 0.636458 0.00625 0.0104167
0 0.928125 0.639583 0.00625 0.0125
0 0.833594 0.64375 0.0078125 0.0125
0 0.978125 0.64375 0.00625 0.0125
0 0.152344 0.633333 0.0109375 0.0208333
0 0.689062 0.641667 0.00625 0.0125
0 0.616406 0.642708 0.0078125 0.0145833
0 0.821094 0.646875 0.0078125 0.0145833
0 0.502344 0.646875 0.0078125 0.0145833
0 0.779688 0.65 0.009375 0.0166667
0 0.0734375 0.640625 0.015625 0.0270833
0 0.396094 0.653125 0.0109375 0.01875
0 0.639844 0.661458 0.0109375 0.01875
0 0.248437 0.682292 0.01875 0.03125
0 0.560938 0.677083 0.015625 0.025
0 0.727344 0.783333 0.0359375 0.0625
0 0.0546875 0.801042 0.04375 0.06875
