0 0.201562 0.629167 0.009375 0.0166667
0 0.757812 0.636458 0.00625 0.0104167
0 0.825 0.641667 0.00625 0.0125
0 0.967969 0.64375 0.0078125 0.0125
0 0.68125 0.639583 0.00625 0.0125
0 0.144531 0.633333 0.0109375 0.0208333
0 0.610156 0.641667 0.0078125 0.0125
0 0.811719 0.646875 0.0078125 0.0145833
0 0.494531 0.645833 0.0078125 0.0166667
0 0.389844 0.653125 0.0109375 0.01875
0 0.771094 0.648958 0.0078125 0.0145833
0 0.632031 0.660417 0.0109375 0.0208333
0 0.0671875 0.640625 0.015625 0.03125
0 0.242188 0.682292 0.01875 0.0270833
0 0.553125 0.676042 0.015625 0.0270833
0 0.0539063 0.797917 0.0421875 0.0666667
0 0.716406 0.779167 0.0359375 0.0625
