0 0.203906 0.628125 0.0078125 0.01875
0 0.66875 0.635417 0.00625 0.0125
0 0.923437 0.640625 0.00625 0.0104167
0 0.971875 0.64375 0.00625 0.0125
0 0.828125 0.64375 0.00625 0.0125
0 0.685938 0.639583 0.00625 0.0125
0 0.613281 0.64375 0.0078125 0.0125
0 0.498437 0.644792 0.009375 0.0145833
0 0.147656 0.635417 0.0109375 0.0208333
0 0.816406 0.646875 0.0078125 0.0145833
0 0.775781 0.647917 0.0078125 0.0166667
0 0.392969 0.652083 0.0109375 0.0166667
0 0.635156 0.660417 0.0109375 0.0208333
0 0.0710938 0.639583 0.0171875 0.0291667
0 0.244531 0.683333 0.0171875 0.0291667
0 0.55625 0.677083 0.015625 0.025
0 0.0546875 0.798958 0.04375 0.06875
0 0.721875 0.780208 0.0375 0.0604167
