0 0.9375 0.640625 0.00625 0.0104167
0 0.678125 0.635417 0.00625 0.0125
0 0.9875 0.64375 0.00625 0.0125
0 0.841406 0.64375 0.0078125 0.0125
0 0.624219 0.641667 0.0078125 0.0125
0 0.696875 0.639583 0.00625 0.0125
0 0.157813 0.633333 0.0125 0.0208333
0 0.789062 0.648958 0.009375 0.0145833
0 0.508594 0.645833 0.0078125 0.0166667
0 0.828906 0.646875 0.0078125 0.0145833
0 0.402344 0.653125 0.0109375 0.01875
0 0.646875 0.661458 0.0125 0.01875
0 0.0796875 0.641667 0.015625 0.0291667
0 0.254687 0.683333 0.01875 0.0291667
0 0.567187 0.678125 0.015625 0.0270833
0 0.739062 0.785417 0.0375 0.0625
0 0.05625 0.802083 0.04375 0.0708333
