0 0.914844 0.638542 0.0078125 0.0104167
0 0.996875 0.64375 0.00625 0.0166667
0 0.782812 0.6375 0.00625 0.0125
0 0.947656 0.640625 0.0078125 0.0104167
0 0.850781 0.64375 0.0078125 0.0125
0 0.704687 0.639583 0.00625 0.0125
0 0.839844 0.646875 0.0078125 0.0145833
0 0.632031 0.64375 0.0078125 0.0125
0 0.164844 0.635417 0.0109375 0.0208333
0 0.515625 0.646875 0.009375 0.0145833
0 0.796875 0.651042 0.009375 0.0145833
0 0.408594 0.653125 0.0109375 0.01875
0 0.0867188 0.642708 0.0171875 0.03125
0 0.654688 0.6625 0.0125 0.0208333
0 0.260156 0.685417 0.0171875 0.0291667
0 0.575781 0.678125 0.0140625 0.0270833
0 0.750781 0.789583 0.0390625 0.0625
0 0.05625 0.80625 0.04375 0.0708333
