0 0.199219 0.629167 0.0078125 0.0166667
0 0.75625 0.636458 0.00625 0.0104167
0 0.917188 0.639583 0.00625 0.0125
0 0.885938 0.638542 0.00625 0.0104167
0 0.822656 0.642708 0.0078125 0.0145833
0 0.966406 0.64375 0.0078125 0.0125
0 0.679688 0.639583 0.00625 0.0125
0 0.607813 0.642708 0.00625 0.0145833
0 0.14375 0.634375 0.0125 0.01875
0 0.810156 0.646875 0.0078125 0.0145833
0 0.49375 0.646875 0.009375 0.0145833
0 0.388281 0.653125 0.0109375 0.01875
0 0.769531 0.648958 0.0078125 0.0145833
0 0.630469 0.660417 0.0109375 0.0208333
0 0.0671875 0.640625 0.015625 0.03125
0 0.241406 0.682292 0.0171875 0.03125
0 0.552344 0.676042 0.0140625 0.0270833
0 0.714063 0.778125 0.0375 0.0604167
0 0.0539063 0.796875 0.0421875 0.0645833
