0 0.953125 0.640625 0.00625 0.0104167
0 0.920313 0.638542 0.00625 0.0104167
0 0.785937 0.636458 0.00625 0.0104167
0 0.690625 0.634375 0.00625 0.0104167
0 0.855469 0.644792 0.0078125 0.0145833
0 0.709375 0.639583 0.00625 0.0125
0 0.635938 0.64375 0.00625 0.0125
0 0.167969 0.634375 0.0109375 0.01875
0 0.519531 0.647917 0.0078125 0.0166667
0 0.842969 0.648958 0.0078125 0.0145833
0 0.802344 0.651042 0.0078125 0.0145833
0 0.413281 0.653125 0.0109375 0.01875
0 0.0898438 0.641667 0.0171875 0.0291667
0 0.263281 0.685417 0.0171875 0.0291667
0 0.659375 0.6625 0.0125 0.0208333
0 0.579687 0.679167 0.015625 0.025
0 0.757812 0.792708 0.040625 0.0645833
0 0.0554687 0.808333 0.0453125 0.0708333
