0 0.6625 0.635417 0.00625 0.0125
0 0.198437 0.630208 0.009375 0.0145833
0 0.755469 0.636458 0.0046875 0.0104167
0 0.885156 0.638542 0.0046875 0.0104167
0 0.915625 0.640625 0.00625 0.0104167
0 0.965625 0.64375 0.00625 0.0125
0 0.821875 0.642708 0.00625 0.0145833
0 0.679688 0.640625 0.00625 0.0104167
0 0.607031 0.642708 0.0078125 0.0145833
0 0.142969 0.634375 0.0109375 0.01875
0 0.810156 0.646875 0.0078125 0.0145833
0 0.49375 0.646875 0.009375 0.0145833
0 0.388281 0.653125 0.0109375 0.01875
0 0.76875 0.65 0.009375 0.0166667
0 0.628906 0.660417 0.0109375 0.0208333
0 0.065625 0.640625 0.015625 0.03125
0 0.241406 0.682292 0.0171875 0.03125
0 0.551562 0.676042 0.015625 0.0270833
0 0.0539063 0.795833 0.0421875 0.0666667
0 0.713281 0.778125 0.0359375 0.0604167
