0 0.910937 0.638542 0.00625 0.0104167
0 0.779688 0.636458 0.00625 0.0104167
0 0.94375 0.640625 0.00625 0.0104167
0 0.684375 0.636458 0.00625 0.0104167
0 0.994531 0.642708 0.0078125 0.0145833
0 0.847656 0.64375 0.0078125 0.0125
0 0.701563 0.639583 0.00625 0.0125
0 0.628906 0.64375 0.0078125 0.0125
0 0.1625 0.635417 0.0125 0.0208333
0 0.513281 0.645833 0.0078125 0.0166667
0 0.835938 0.646875 0.009375 0.0145833
0 0.794531 0.65 0.0078125 0.0166667
0 0.407031 0.653125 0.0109375 0.01875
0 0.652344 0.661458 0.0109375 0.01875
0 0.258594 0.684375 0.0171875 0.0270833
0 0.0835937 0.640625 0.0171875 0.03125
0 0.573438 0.678125 0.015625 0.0270833
0 0.746875 0.788542 0.0375 0.0645833
0 0.05625 0.804167 0.04375 0.0708333
