0 0.764063 0.6375 0.00625 0.0125
0 0.928125 0.640625 0.00625 0.0104167
0 0.832812 0.64375 0.00625 0.0125
0 0.689062 0.639583 0.00625 0.0125
0 0.150781 0.634375 0.0109375 0.01875
0 0.978125 0.64375 0.00625 0.0125
0 0.615625 0.642708 0.00625 0.0145833
0 0.501562 0.645833 0.009375 0.0166667
0 0.821094 0.648958 0.0078125 0.0145833
0 0.778906 0.648958 0.0078125 0.0145833
0 0.396094 0.653125 0.0109375 0.01875
0 0.0726563 0.639583 0.0171875 0.0291667
0 0.639063 0.661458 0.0125 0.01875
0 0.247656 0.682292 0.0171875 0.0270833
0 0.560156 0.677083 0.0171875 0.025
0 0.726562 0.782292 0.0375 0.0604167
0 0.0546875 0.798958 0.04375 0.06875
