0 0.889063 0.638542 0.00625 0.0104167
0 0.201562 0.629167 0.009375 0.0166667
0 0.757812 0.636458 0.00625 0.0104167
0 0.91875 0.639583 0.00625 0.0125
0 0.665625 0.634375 0.00625 0.0104167
0 0.825 0.64375 0.00625 0.0125
0 0.96875 0.64375 0.00625 0.0125
0 0.682031 0.639583 0.0078125 0.0125
0 0.144531 0.633333 0.0109375 0.0208333
0 0.8125 0.646875 0.009375 0.0145833
0 0.610156 0.642708 0.0078125 0.0145833
0 0.495313 0.645833 0.009375 0.0166667
0 0.390625 0.653125 0.009375 0.01875
0 0.771875 0.648958 0.009375 0.0145833
0 0.0671875 0.640625 0.015625 0.03125
0 0.632031 0.660417 0.0109375 0.0208333
0 0.242969 0.683333 0.0171875 0.0291667
0 0.553125 0.677083 0.015625 0.025
0 0.0539063 0.797917 0.0421875 0.0666667
0 0.717969 0.780208 0.0359375 0.0604167
