0 0.201562 0.629167 0.009375 0.0166667
0 0.889063 0.638542 0.00625 0.0104167
0 0.921094 0.640625 0.0078125 0.0104167
0 0.758594 0.636458 0.0046875 0.0104167
0 0.665625 0.635417 0.00625 0.0125
0 0.826563 0.64375 0.00625 0.0125
0 0.969531 0.64375 0.0078125 0.0125
0 0.682813 0.640625 0.00625 0.0104167
0 0.813281 0.646875 0.0078125 0.0145833
0 0.610937 0.641667 0.00625 0.0125
0 0.146094 0.634375 0.0109375 0.01875
0 0.496094 0.646875 0.0078125 0.0145833
0 0.772656 0.648958 0.0078125 0.0145833
0 0.391406 0.653125 0.0109375 0.01875
0 0.633594 0.661458 0.0109375 0.01875
0 0.06875 0.640625 0.015625 0.03125
0 0.24375 0.683333 0.01875 0.0291667
0 0.554688 0.677083 0.015625 0.025
0 0.0539063 0.797917 0.0421875 0.0666667
0 0.71875 0.780208 0.0375 0.0604167
