0 0.7625 0.6375 0.00625 0.0125
0 0.670313 0.635417 0.00625 0.0125
0 0.975 0.64375 0.00625 0.0125
0 0.830469 0.64375 0.0078125 0.0125
0 0.6875 0.639583 0.00625 0.0125
0 0.149219 0.633333 0.0109375 0.0208333
0 0.614062 0.641667 0.00625 0.0125
0 0.5 0.645833 0.009375 0.0166667
0 0.817969 0.646875 0.0078125 0.0145833
0 0.777344 0.65 0.0078125 0.0166667
0 0.394531 0.653125 0.0109375 0.01875
0 0.636719 0.660417 0.0109375 0.0208333
0 0.071875 0.638542 0.015625 0.0270833
0 0.557813 0.678125 0.015625 0.0270833
0 0.246094 0.683333 0.0171875 0.0291667
0 0.724219 0.782292 0.0359375 0.0604167
0 0.0546875 0.798958 0.04375 0.06875
