0 0.889063 0.638542 0.00625 0.0104167
0 0.921875 0.640625 0.00625 0.0104167
0 0.759375 0.636458 0.00625 0.0104167
0 0.665625 0.635417 0.00625 0.0125
0 0.971094 0.64375 0.0078125 0.0125
0 0.827344 0.64375 0.0078125 0.0125
0 0.683594 0.639583 0.0078125 0.0125
0 0.611719 0.641667 0.0078125 0.0125
0 0.146094 0.635417 0.0109375 0.0208333
0 0.814844 0.646875 0.0078125 0.0145833
0 0.772656 0.648958 0.0078125 0.0145833
0 0.496875 0.646875 0.009375 0.0145833
0 0.391406 0.652083 0.0109375 0.0166667
0 0.634375 0.660417 0.0125 0.0208333
0 0.0695312 0.640625 0.0171875 0.03125
0 0.554688 0.677083 0.015625 0.025
0 0.244531 0.682292 0.0171875 0.0270833
0 0.0539063 0.797917 0.0421875 0.0666667
0 0.720312 0.780208 0.0375 0.0604167
