0 0.76875 0.636458 0.00625 0.0104167
0 0.932031 0.639583 0.0078125 0.0125
0 0.836719 0.64375 0.0078125 0.0125
0 0.982031 0.64375 0.0078125 0.0125
0 0.692187 0.639583 0.00625 0.0125
0 0.824219 0.646875 0.0078125 0.0145833
0 0.619531 0.642708 0.0078125 0.0145833
0 0.153906 0.634375 0.0109375 0.01875
0 0.397656 0.651042 0.0109375 0.01875
0 0.504687 0.645833 0.009375 0.0166667
0 0.782812 0.65 0.009375 0.0166667
0 0.0765625 0.639583 0.015625 0.0291667
0 0.641406 0.660417 0.0109375 0.0208333
0 0.251563 0.683333 0.01875 0.0291667
0 0.564062 0.677083 0.015625 0.025
0 0.73125 0.784375 0.0375 0.0645833
0 0.0554687 0.801042 0.0453125 0.06875
