0 0.775 0.6375 0.00625 0.0125
0 0.988281 0.642708 0.0078125 0.0104167
0 0.842969 0.64375 0.0078125 0.0125
0 0.625 0.641667 0.00625 0.0125
0 0.697656 0.639583 0.0078125 0.0125
0 0.158594 0.635417 0.0109375 0.0208333
0 0.789844 0.651042 0.0078125 0.0145833
0 0.508594 0.646875 0.0078125 0.0145833
0 0.830469 0.647917 0.0078125 0.0125
0 0.403906 0.653125 0.0109375 0.01875
0 0.648438 0.660417 0.0125 0.0208333
0 0.0804688 0.641667 0.0171875 0.0291667
0 0.255469 0.683333 0.0171875 0.0291667
0 0.56875 0.678125 0.015625 0.0270833
0 0.739844 0.786458 0.0390625 0.0645833
0 0.05625 0.802083 0.04375 0.0708333
