0 0.895312 0.638542 0.00625 0.0104167
0 0.975 0.64375 0.00625 0.0125
0 0.830469 0.64375 0.0078125 0.0125
0 0.688281 0.639583 0.0078125 0.0125
0 0.150781 0.634375 0.0109375 0.01875
0 0.615625 0.641667 0.00625 0.0125
0 0.500781 0.645833 0.0078125 0.0166667
0 0.819531 0.646875 0.0078125 0.0145833
0 0.394531 0.653125 0.0109375 0.01875
0 0.778125 0.65 0.009375 0.0166667
0 0.0726563 0.639583 0.0171875 0.0291667
0 0.638281 0.660417 0.0109375 0.0208333
0 0.559375 0.677083 0.015625 0.025
0 0.246094 0.683333 0.0171875 0.0291667
0 0.725 0.782292 0.0375 0.0604167
0 0.0546875 0.798958 0.04375 0.06875
