0 0.664062 0.636458 0.00625 0.0104167
0 0.200781 0.629167 0.0078125 0.0166667
0 0.75625 0.636458 0.00625 0.0104167
0 0.823438 0.641667 0.00625 0.0125
0 0.966406 0.64375 0.0078125 0.0125
0 0.68125 0.639583 0.00625 0.0125
0 0.609375 0.641667 0.00625 0.0125
0 0.144531 0.634375 0.0109375 0.01875
0 0.811719 0.646875 0.0078125 0.0145833
0 0.494531 0.646875 0.0078125 0.0145833
0 0.389062 0.653125 0.009375 0.01875
0 0.770312 0.648958 0.009375 0.0145833
0 0.630469 0.660417 0.0109375 0.0208333
0 0.0671875 0.640625 0.015625 0.03125
0 0.241406 0.682292 0.0171875 0.03125
0 0.553125 0.677083 0.015625 0.025
0 0.715625 0.779167 0.0375 0.0625
0 0.0539063 0.797917 0.0421875 0.0666667
