0 0.759375 0.636458 0.00625 0.0104167
0 0.667188 0.635417 0.00625 0.0125
0 0.890625 0.638542 0.00625 0.0104167
0 0.921875 0.640625 0.00625 0.0104167
0 0.971094 0.64375 0.0078125 0.0125
0 0.828125 0.642708 0.00625 0.0145833
0 0.684375 0.639583 0.00625 0.0125
0 0.6125 0.642708 0.00625 0.0145833
0 0.146094 0.634375 0.0109375 0.01875
0 0.497656 0.646875 0.0078125 0.0145833
0 0.774219 0.647917 0.0078125 0.0166667
0 0.814844 0.646875 0.0078125 0.0145833
0 0.392969 0.652083 0.0109375 0.0166667
0 0.635156 0.660417 0.0109375 0.0208333
0 0.0695312 0.640625 0.0171875 0.03125
0 0.55625 0.677083 0.015625 0.025
0 0.244531 0.682292 0.0171875 0.0270833
0 0.0554687 0.797917 0.0421875 0.0666667
0 0.721094 0.780208 0.0359375 0.0604167
